LLWearable version 22
Boy - Djeee Hair

	permissions 0
	{
		base_mask	00082000
		owner_mask	00082000
		group_mask	00000000
		everyone_mask	00000000
		next_owner_mask	00082000
		creator_id	00000000-0000-0000-0000-000000000000
		owner_id	d37a3f5b-562a-4bfd-b780-68c0b9b940be
		last_owner_id	d37a3f5b-562a-4bfd-b780-68c0b9b940be
		group_id	00000000-0000-0000-0000-000000000000
	}
	sale_info	0
	{
		sale_type	not
		sale_price	10
	}
type 2
parameters 90
16 1.18
31 .62
112 0
113 0
114 0
115 0
119 0
130 0
131 0
132 0
133 0
134 0
135 0
136 0
137 .5
140 1.66
141 0
142 0
143 -4
144 1
145 0
146 1
147 0
148 1
149 0
166 0
167 0
168 0
169 0
171 0
172 1
173 0
174 1
175 0
176 1
177 0
178 0
179 1
180 0
181 -1
182 -1
183 -1
184 0
190 0
191 0
192 .54
400 0
640 0
641 0
642 0
643 0
644 0
645 0
674 -1
750 0
751 1
752 0
754 -1
755 -1.5
757 -.7
761 1.3
762 0
763 0
771 0
774 0
782 0
783 0
784 0
785 0
786 0
787 0
788 0
789 0
790 0
870 .22
871 .2
872 .31
1000 0
1001 0
1002 0
1003 0
1004 0
1005 0
1006 0
1007 0
1008 0
1009 0
1010 0
1011 0
1012 1
textures 1
4 f4e40ff9-644f-4a87-ac98-fc920429704d
