LLWearable version 22
Kally Skytower shape

	permissions 0
	{
		base_mask	7fffffff
		owner_mask	7fffffff
		group_mask	00000000
		everyone_mask	00000000
		next_owner_mask	00082000
		creator_id	00000000-0000-0000-0000-000000000000
		owner_id	746f1209-6dc5-4d8a-9156-b575633f4f91
		last_owner_id	746f1209-6dc5-4d8a-9156-b575633f4f91
		group_id	00000000-0000-0000-0000-000000000000
	}
	sale_info	0
	{
		sale_type	not
		sale_price	10
	}
type 0
parameters 143
1 .46
2 -.47
4 -.37
5 -.1
6 -.25
7 .07
8 -.14
10 .21
11 .24
12 -.5
13 0
14 .23
15 -.06
17 .32
18 .46
19 -.28
20 -.3
21 .17
22 .55
23 -.5
24 -.66
25 .42
26 0
27 0
28 0
29 -.36
30 -.36
32 0
33 .71
34 .4
35 -.1
36 -.52
37 -.2
38 -.18
40 0
80 0
100 0
104 0
105 .75
106 0
151 .29
152 .3
153 0
155 -.53
156 0
157 0
185 -.84
186 -.15
187 .25
188 .08
189 0
193 .44
194 -.32
195 -.16
196 -.74
505 .5
506 -.6
507 -.28
515 -1
517 .09
518 -.3
626 .5
627 0
629 .44
630 .12
631 0
633 0
634 0
635 0
637 0
646 -.15
647 .25
648 .34
649 .37
650 -.05
651 0
652 .6
653 .38
655 -.08
656 0
657 0
658 .24
659 .4
660 0
661 0
662 .5
663 0
664 0
665 .2
675 -.24
676 -.13
677 0
678 .5
679 -.08
680 -.08
681 -.08
682 .5
683 -.16
684 .28
685 0
686 -.16
687 -.02
688 -.02
689 -.08
690 .46
691 -.02
692 .4
693 .1
694 -.08
695 -.02
753 1.11
756 -.04
758 .15
759 .38
760 .4
764 .42
765 -.3
767 -.44
768 -.44
769 .39
770 .04
772 .04
773 .52
794 0
795 .5
796 0
797 .09
798 0
799 .47
841 0
842 -.16
843 0
853 0
854 1.11
855 -.13
879 0
880 -.92
1103 0
1104 0
1105 0
1200 0
1201 0
11001 .04
textures 0
