LLWearable version 22
Anzug Grau jacket

	permissions 0
	{
		base_mask	00082000
		owner_mask	00082000
		group_mask	00000000
		everyone_mask	00000000
		next_owner_mask	00082000
		creator_id	00000000-0000-0000-0000-000000000000
		owner_id	908a62c0-10fe-42fd-b877-5782d673ae22
		last_owner_id	908a62c0-10fe-42fd-b877-5782d673ae22
		group_id	00000000-0000-0000-0000-000000000000
	}
	sale_info	0
	{
		sale_type	not
		sale_price	10
	}
type 8
parameters 38
606 1
607 1
608 1
609 1
620 1
621 1
622 1
623 1
780 1
809 .3
810 .34
811 .38
831 .3
832 .34
833 .38
834 .3
835 .34
836 .38
875 0
876 0
877 0
1019 1
1020 1
1021 1
1022 1
1023 1
1024 1
1025 1
1026 1
1027 1
1028 1
1033 1
1034 1
1037 1
1038 1
1039 1
1040 1
1041 1
textures 2
13 a1461e7f-29e2-4d1e-b3b1-82d458ee2bfd
14 ecf587b1-232c-4a6b-ac22-c8fbdf966cba
