LLWearable version 22
Fairy's

	permissions 0
	{
		base_mask	00082000
		owner_mask	00082000
		group_mask	00000000
		everyone_mask	00000000
		next_owner_mask	00082000
		creator_id	0a3e1950-33c2-4d98-9c89-f017aef3c4e4
		owner_id	afc83187-1548-41dc-8398-a9d674d3fb88
		last_owner_id	afc83187-1548-41dc-8398-a9d674d3fb88
		group_id	00000000-0000-0000-0000-000000000000
	}
	sale_info	0
	{
		sale_type	not
		sale_price	10
	}
type 0
parameters 143
1 -.19
2 -.57
4 -.38
5 -.1
6 -.08
7 .11
8 -.22
10 .08
11 -.32
12 .19
13 0
14 .38
15 0
17 .75
18 -.78
19 -.48
20 -.32
21 -.2
22 0
23 -.5
24 .28
25 .35
26 .14
27 -.37
28 0
29 -.42
30 -.42
32 0
33 -.79
34 -.48
35 0
36 .5
37 .1
38 -.16
40 0
80 0
100 0
104 0
105 .7
106 0
151 .2
152 .12
153 0
155 -.59
156 0
157 0
185 -1
186 .29
187 .38
188 0
189 .1
193 .55
194 -.64
195 -.32
196 -.98
505 .4
506 -.36
507 -.73
515 -1
517 .25
518 .22
626 .4
627 0
629 .62
630 0
631 .24
633 .08
634 .08
635 .08
637 .08
646 .29
647 .38
648 .49
649 .31
650 .2
651 0
652 .54
653 .11
655 -.08
656 0
657 .36
658 0
659 .63
660 0
661 0
662 .5
663 0
664 0
665 0
675 -.3
676 -.25
677 0
678 .5
679 -.08
680 -.08
681 -.08
682 .5
683 -.17
684 .15
685 0
686 -.24
687 -.03
688 -.03
689 -.12
690 .44
691 -.03
692 .06
693 .06
694 -.08
695 -.03
753 1.04
756 0
758 -.18
759 .02
760 1.14
764 .35
765 -.3
767 -.48
768 -.48
769 .38
770 .12
772 .12
773 .56
794 0
795 .44
796 0
797 .03
798 0
799 .49
841 0
842 .16
843 0
853 0
854 1.04
855 -.25
879 0
880 -.87
1103 0
1104 0
1105 0
1200 0
1201 0
11001 0
textures 0
