LLWearable version 22
ShakeeBoobs

	permissions 0
	{
		base_mask	7fffffff
		owner_mask	7fffffff
		group_mask	00000000
		everyone_mask	00000000
		next_owner_mask	00082000
		creator_id	9ee07496-8eee-11e7-90b0-0e9543ae26fa
		owner_id	9ee07496-8eee-11e7-90b0-0e9543ae26fa
		last_owner_id	9ee07496-8eee-11e7-90b0-0e9543ae26fa
		group_id	00000000-0000-0000-0000-000000000000
	}
	sale_info	0
	{
		sale_type	not
		sale_price	10
	}
type 15
parameters 44
1100 0
1101 0
1102 0
1200 0
1201 0
1202 0
1203 0
1204 0
1205 -0
1206 0
1207 -.02
10000 .14
10001 .6
10002 1
10003 .81
10004 18
10005 18.82
10006 .61
10007 .3
10008 10
10009 10
10010 .33
10011 .18
10012 4.8
10013 1
10014 .66
10015 17
10016 10.9
10017 1
10018 .1
10019 0
10020 1
10021 .6
10022 10
10023 10
10024 .2
10025 0
10026 10
10027 10
10028 .2
10029 .84
10030 12
10031 10
10032 .2
textures 0
