LLWearable version 22
Fat woman phisics

	permissions 0
	{
		base_mask	00082000
		owner_mask	00082000
		group_mask	00000000
		everyone_mask	00000000
		next_owner_mask	00082000
		creator_id	26ecc3a5-9243-470e-b8d9-4afcacdecf58
		owner_id	9ee07496-8eee-11e7-90b0-0e9543ae26fa
		last_owner_id	9ee07496-8eee-11e7-90b0-0e9543ae26fa
		group_id	00000000-0000-0000-0000-000000000000
	}
	sale_info	0
	{
		sale_type	not
		sale_price	10
	}
type 15
parameters 44
1100 0
1101 0
1102 0
1200 0
1201 0
1202 0
1203 0
1204 0
1205 -1
1206 -0
1207 0
10000 .32
10001 12.6
10002 1.4
10003 1.29
10004 24
10005 20.8
10006 .18
10007 1.02
10008 10
10009 10
10010 .2
10011 .1
10012 0
10013 1
10014 .93
10015 9
10016 10.9
10017 .06
10018 .1
10019 0
10020 1
10021 2.43
10022 57
10023 35.65
10024 .41
10025 2.16
10026 48
10027 34.66
10028 .2
10029 1.05
10030 10
10031 10
10032 .2
textures 0
