LLWearable version 22
luk Falconer shape

	permissions 0
	{
		base_mask	00082000
		owner_mask	00082000
		group_mask	00000000
		everyone_mask	00000000
		next_owner_mask	00082000
		creator_id	00000000-0000-0000-0000-000000000000
		owner_id	dad15b79-7bec-458d-b05d-965465391279
		last_owner_id	acc258c4-db01-43d0-9ff2-1a1099e9be66
		group_id	00000000-0000-0000-0000-000000000000
	}
	sale_info	0
	{
		sale_type	not
		sale_price	10
	}
type 0
parameters 143
1 .16
2 -.28
4 -.14
5 -.1
6 -.25
7 -.2
8 -.5
10 -.18
11 -.23
12 -.5
13 0
14 .55
15 .02
17 -.08
18 -.62
19 -.17
20 -.34
21 .94
22 0
23 -.5
24 -.33
25 .05
26 0
27 -.55
28 .32
29 .18
30 .18
32 1
33 2
34 1.35
35 0
36 .16
37 .56
38 1
40 1
80 1
100 1
104 0
105 .41
106 .03
151 .5
152 .99
153 1
155 .07
156 0
157 0
185 -.66
186 -.22
187 -.02
188 .2
189 0
193 .36
194 -.05
195 -.03
196 -.54
505 .58
506 .2
507 -.4
515 -1
517 .09
518 -.3
626 0
627 .18
629 .23
630 .54
631 0
633 .15
634 .15
635 .15
637 .15
646 -.22
647 -.02
648 .1
649 .46
650 .13
651 0
652 .83
653 .75
655 -.07
656 0
657 0
658 .05
659 .48
660 0
661 0
662 .5
663 0
664 0
665 0
675 .04
676 -.54
677 0
678 .51
679 -.07
680 -.07
681 -.07
682 .52
683 -.1
684 .11
685 -.26
686 -.32
687 -.04
688 -.04
689 -.16
690 .42
691 -.04
692 1
693 .15
694 -.07
695 -.04
753 .64
756 -.61
758 -.06
759 1
760 .08
764 .83
765 -.3
767 -.56
768 -.56
769 .36
770 .14
772 .14
773 .57
794 0
795 .65
796 .16
797 0
798 .21
799 .57
841 -.07
842 -.12
843 0
853 -.07
854 .64
855 -.54
879 .39
880 -.47
1103 0
1104 0
1105 0
1200 0
1201 0
11001 0
textures 0
