LLWearable version 22
shape - v3.1

	permissions 0
	{
		base_mask	0008e000
		owner_mask	0008e000
		group_mask	00000000
		everyone_mask	00000000
		next_owner_mask	0008e000
		creator_id	70875c26-f67a-4b3e-9d38-db61568a1acb
		owner_id	12a7488f-d08c-448e-93ff-6ae67500f709
		last_owner_id	12a7488f-d08c-448e-93ff-6ae67500f709
		group_id	00000000-0000-0000-0000-000000000000
	}
	sale_info	0
	{
		sale_type	not
		sale_price	10
	}
type 0
parameters 143
1 .8
2 .19
4 .13
5 .37
6 .22
7 -.03
8 -.08
10 .43
11 .22
12 .37
13 .11
14 .31
15 .16
17 -.1
18 -.18
19 -.35
20 .04
21 .46
22 .72
23 -.32
24 .04
25 -.02
26 0
27 -.55
28 0
29 .32
30 .32
32 0
33 -.28
34 .31
35 -.01
36 -.58
37 -.56
38 0
40 0
80 0
100 0
104 0
105 .37
106 0
151 0
152 0
153 0
155 .22
156 0
157 0
185 -.56
186 -.15
187 .25
188 0
189 .04
193 .52
194 -.2
195 -.1
196 -.65
505 .5
506 -.12
507 .32
515 -1
517 -.05
518 -.23
626 0
627 .27
629 .48
630 .04
631 0
633 .03
634 .03
635 .03
637 .03
646 -.15
647 .25
648 .73
649 .22
650 .13
651 .12
652 .46
653 .26
655 -.08
656 0
657 .03
658 0
659 .51
660 0
661 0
662 .5
663 0
664 0
665 0
675 -.21
676 -.13
677 0
678 .5
679 -.08
680 -.08
681 -.08
682 .48
683 -.25
684 .29
685 0
686 -.12
687 -.02
688 -.02
689 -.06
690 .47
691 -.02
692 -.04
693 .78
694 -.08
695 -.02
753 .62
756 .06
758 -.24
759 .58
760 .53
764 .88
765 -.22
767 -.12
768 -.12
769 .47
770 0
772 0
773 .5
794 .27
795 .22
796 .04
797 .06
798 0
799 .48
841 0
842 -.02
843 0
853 0
854 .62
855 -.13
879 0
880 -.2
1103 0
1104 0
1105 0
1200 0
1201 0
11001 0
textures 0
