LLWearable version 22
- GA - Rose 2 XS
 
	permissions 0
	{
		base_mask	00082000
		owner_mask	00082000
		group_mask	00000000
		everyone_mask	00000000
		next_owner_mask	00082000
		creator_id	00000000-0000-0000-0000-000000000000
		owner_id	908a62c0-10fe-42fd-b877-5782d673ae22
		last_owner_id	8fc1523b-61dd-4ce5-8604-66d5b11357af
		group_id	00000000-0000-0000-0000-000000000000
	}
	sale_info	0
	{
		sale_type	not
		sale_price	10
	}
type 0
parameters 141
1 -.02
2 -.44
4 .22
5 .05
6 .18
7 .19
8 -.18
10 .66
11 .24
12 -.38
13 0
14 .28
15 .1
17 .25
18 .7
19 -.25
20 -.2
21 .11
22 0
23 -.08
24 .21
25 .53
26 .01
27 .35
28 0
29 -.32
30 -.32
32 0
33 .02
34 -.7
35 -.22
36 -.14
37 -.02
38 -.4
40 0
80 0
100 0
104 .02
105 .48
106 0
151 .06
152 0
153 0
155 -.48
156 .02
157 .02
185 -.78
186 .08
187 .23
188 0
189 .22
193 .61
194 .08
195 .04
196 -.44
505 .49
506 -.92
507 -.13
515 -.6
517 -.19
518 -.3
626 0
627 .04
629 .6
630 0
631 .2
633 .05
634 .05
635 .05
637 .05
646 .08
647 .23
648 .55
649 .29
650 -.13
651 .21
652 .43
653 -.19
655 -.09
656 0
657 0
658 .17
659 .43
660 0
661 0
662 .5
663 0
664 0
665 -.04
675 -.18
676 -.25
677 0
678 .5
679 -.09
680 -.09
681 -.09
682 .45
683 -.18
684 -.2
685 0
686 -.72
687 -.09
688 -.09
689 -.36
690 .32
691 -.09
692 -.06
693 .2
694 -.09
695 -.09
753 .59
756 -.02
758 0
759 .25
760 .82
764 -.13
765 .12
767 -.56
768 -.56
769 .36
770 .04
772 .04
773 .52
794 0
795 .34
796 .01
797 .21
798 0
799 .43
841 0
842 .04
843 0
853 0
854 .59
855 -.25
879 0
880 -1.1
1103 0
1104 0
1105 0
11001 0
textures 0
