LLWearable version 22
Basic Hair (neu)

	permissions 0
	{
		base_mask	7fffffff
		owner_mask	7fffffff
		group_mask	00000000
		everyone_mask	00000000
		next_owner_mask	00082000
		creator_id	7a667ff4-1ea7-4ef1-9cae-57bbf2b43951
		owner_id	7a667ff4-1ea7-4ef1-9cae-57bbf2b43951
		last_owner_id	7a667ff4-1ea7-4ef1-9cae-57bbf2b43951
		group_id	00000000-0000-0000-0000-000000000000
	}
	sale_info	0
	{
		sale_type	not
		sale_price	10
	}
type 2
parameters 90
16 .27
31 .5
112 0
113 0
114 .5
115 0
119 0
130 0
131 0
132 0
133 0
134 0
135 0
136 0
137 0
140 0
141 0
142 0
143 -4
144 1
145 0
146 1
147 0
148 1
149 0
166 0
167 0
168 0
169 0
171 0
172 1
173 0
174 1
175 0
176 1
177 0
178 0
179 1
180 0
181 -1
182 -1
183 -1
184 0
190 1
191 0
192 0
400 0
640 .06
641 .25
642 .26
643 0
644 .8
645 0
674 -1
750 0
751 1
752 0
754 -1
755 -1.5
757 1.04
761 1.3
762 0
763 0
771 .04
774 .08
782 0
783 0
784 0
785 0
786 0
787 0
788 0
789 0
790 0
870 -.17
871 1.36
872 .25
1000 0
1001 0
1002 0
1003 0
1004 0
1005 0
1006 0
1007 0
1008 0
1009 0
1010 0
1011 0
1012 1
textures 1
4 7ca39b4c-bd19-4699-aff7-f93fd03d3e7b
