LLWearable version 22
Kevin Tuxedo shape

	permissions 0
	{
		base_mask	00082000
		owner_mask	00082000
		group_mask	00000000
		everyone_mask	00000000
		next_owner_mask	00082000
		creator_id	00000000-0000-0000-0000-000000000000
		owner_id	9d7419d1-276d-4cae-a281-ca399be0db02
		last_owner_id	9d7419d1-276d-4cae-a281-ca399be0db02
		group_id	00000000-0000-0000-0000-000000000000
	}
	sale_info	0
	{
		sale_type	not
		sale_price	10
	}
type 0
parameters 143
1 .27
2 -.5
4 -.39
5 -.1
6 -.09
7 -.07
8 -.5
10 .74
11 .2
12 1.06
13 .78
14 .19
15 .03
17 -.5
18 -.3
19 -.35
20 .26
21 .55
22 0
23 -.5
24 -1.09
25 1.06
26 0
27 -.2
28 0
29 .4
30 .4
32 1
33 1.36
34 .16
35 -.19
36 .44
37 .52
38 .22
40 1
80 1
100 1
104 0
105 .47
106 0
151 .21
152 .9
153 1
155 .31
156 0
157 0
185 -.8
186 -.15
187 .29
188 .07
189 0
193 .45
194 -.01
195 -.01
196 -.51
505 .5
506 .04
507 .41
515 -.24
517 .02
518 -.3
626 0
627 .06
629 0
630 1
631 0
633 .19
634 .19
635 .19
637 .19
646 -.15
647 .29
648 0
649 .5
650 -.91
651 0
652 .8
653 .47
655 .01
656 0
657 0
658 .1
659 .46
660 0
661 0
662 .5
663 0
664 0
665 -.08
675 0
676 .05
677 0
678 .5
679 .01
680 .01
681 .01
682 .74
683 -.04
684 0
685 .04
686 0
687 0
688 0
689 0
690 .5
691 0
692 .6
693 .15
694 .01
695 0
753 .34
756 -.7
758 -.45
759 .75
760 -.14
764 1.2
765 -.3
767 -.8
768 -.8
769 .3
770 0
772 0
773 .5
794 0
795 .45
796 .17
797 0
798 .48
799 .66
841 0
842 .4
843 0
853 0
854 .34
855 .05
879 -.5
880 -.51
1103 0
1104 0
1105 0
1200 0
1201 0
11001 .04
textures 0
