LLWearable version 22
Skinny Old Man Shape

	permissions 0
	{
		base_mask	7fffffff
		owner_mask	7fffffff
		group_mask	00000000
		everyone_mask	00000000
		next_owner_mask	00082000
		creator_id	f6dd0f1c-0ff3-43a9-b784-481c5e4b1924
		owner_id	f6dd0f1c-0ff3-43a9-b784-481c5e4b1924
		last_owner_id	f6dd0f1c-0ff3-43a9-b784-481c5e4b1924
		group_id	00000000-0000-0000-0000-000000000000
	}
	sale_info	0
	{
		sale_type	not
		sale_price	10
	}
type 0
parameters 143
1 .32
2 .52
4 0
5 1
6 -.3
7 -.5
8 0
10 1.25
11 0
12 1.66
13 1.5
14 -.16
15 1.5
17 -.5
18 0
19 -1.5
20 0
21 -.13
22 0
23 0
24 -.41
25 0
26 0
27 0
28 0
29 -.66
30 -.66
32 1
33 .5
34 -.7
35 .47
36 -1.8
37 0
38 0
40 1
80 1
100 1
104 .53
105 .5
106 0
151 0
152 0
153 1
155 -.86
156 .53
157 .53
185 -.02
186 .13
187 .33
188 .27
189 0
193 .31
194 -.08
195 -.04
196 -.56
505 .5
506 0
507 0
515 0
517 0
518 -.3
626 0
627 0
629 .8
630 0
631 .6
633 0
634 0
635 0
637 0
646 .13
647 .33
648 0
649 .5
650 -1.3
651 0
652 .5
653 .05
655 -.04
656 -1.48
657 0
658 .77
659 .18
660 .4
661 .4
662 .6
663 -1.72
664 .62
665 -.72
675 -.01
676 0
677 1.07
678 .09
679 -.04
680 -.04
681 -.04
682 .59
683 -.26
684 0
685 1.1
686 -.8
687 -.1
688 -.1
689 -.4
690 .3
691 -.1
692 0
693 .6
694 -.04
695 -.1
753 0
756 .18
758 0
759 .5
760 .72
764 0
765 .15
767 -2
768 -2
769 0
770 -.12
772 -.12
773 .44
794 .17
795 .25
796 0
797 0
798 0
799 .5
841 0
842 0
843 0
853 0
854 0
855 0
879 0
880 -.02
1103 0
1104 0
1105 0
1200 0
1201 0
11001 0
textures 0
