LLWearable version 22
Old man npc

	permissions 0
	{
		base_mask	00082000
		owner_mask	00082000
		group_mask	00000000
		everyone_mask	00000000
		next_owner_mask	00082000
		creator_id	f95cfa3b-8495-4b79-a20d-521742a16d26
		owner_id	9d7419d1-276d-4cae-a281-ca399be0db02
		last_owner_id	9d7419d1-276d-4cae-a281-ca399be0db02
		group_id	00000000-0000-0000-0000-000000000000
	}
	sale_info	0
	{
		sale_type	not
		sale_price	10
	}
type 0
parameters 143
1 -.3
2 -.48
4 .16
5 -.1
6 -.3
7 -.21
8 .56
10 -.15
11 -.26
12 .64
13 0
14 .55
15 -.5
17 .01
18 -.87
19 -.69
20 -.5
21 .04
22 .34
23 -.38
24 -.35
25 0
26 .15
27 -.48
28 0
29 -.14
30 -.14
32 1
33 .71
34 1.06
35 .07
36 -.68
37 -.2
38 .5
40 1
80 1
100 1
104 .5
105 .5
106 .81
151 .47
152 .57
153 1
155 -.28
156 .5
157 .5
185 -.95
186 -.29
187 .26
188 0
189 .16
193 .58
194 -.45
195 -.23
196 -.84
505 .39
506 -.16
507 0
515 -.28
517 .12
518 -.3
626 0
627 0
629 .09
630 .82
631 0
633 .25
634 .25
635 .25
637 .25
646 -.29
647 .26
648 0
649 .5
650 -.6
651 0
652 .69
653 .5
655 -.01
656 .07
657 .28
658 0
659 .6
660 0
661 0
662 .5
663 0
664 .03
665 0
675 -.03
676 -.25
677 0
678 .79
679 -.01
680 -.01
681 -.01
682 .68
683 -.05
684 0
685 .33
686 -.6
687 -.08
688 -.08
689 -.3
690 .35
691 -.08
692 .4
693 .48
694 -.01
695 -.08
753 1.07
756 -.52
758 .32
759 .87
760 -.18
764 .3
765 -.3
767 -.68
768 -.68
769 .33
770 .1
772 .1
773 .55
794 0
795 .63
796 .24
797 0
798 .39
799 .63
841 -.08
842 -.22
843 0
853 -.08
854 1.07
855 -.25
879 -.22
880 -.67
1103 0
1104 0
1105 0
1200 0
1201 0
11001 0
textures 0
