LLWearable version 22
0 Josina's total avatar Steven Shape
First Life look
	permissions 0
	{
		base_mask	7fffffff
		owner_mask	7fffffff
		group_mask	7fffffff
		everyone_mask	7fffbfff
		next_owner_mask	7fffffff
		creator_id	00000000-0000-0000-0000-000000000000
		owner_id	fe8c0da6-3dfe-4ef9-a06d-2c8ee82bb800
		last_owner_id	e618591c-f06e-47b0-a185-cfd16a487647
		group_id	00000000-0000-0000-0000-000000000000
	}
	sale_info	0
	{
		sale_type	not
		sale_price	10
	}
type 0
parameters 143
1 -.3
2 -.57
4 -.2
5 .18
6 -.3
7 .2
8 -.1
10 1.2
11 .1
12 .85
13 .32
14 1
15 -.22
17 .4
18 -1.5
19 -.13
20 .1
21 .1
22 .5
23 -.1
24 .07
25 0
26 0
27 -.05
28 0
29 -.1
30 -.1
32 1
33 1.14
34 .38
35 .29
36 .15
37 -.8
38 .1
40 1
80 1
100 1
104 .1
105 .41
106 .31
151 .61
152 .51
153 1
155 -.24
156 .1
157 .1
185 -.2
186 -.04
187 .25
188 0
189 .1
193 .55
194 .08
195 .04
196 -.44
505 .5
506 .24
507 -.39
515 -.32
517 -.05
518 .96
626 0
627 .18
629 .05
630 .9
631 0
633 .19
634 .19
635 .19
637 .19
646 -.04
647 .25
648 .1
649 .46
650 -.05
651 0
652 .67
653 .5
655 -.08
656 0
657 0
658 .24
659 .4
660 0
661 0
662 .5
663 0
664 0
665 .08
675 .09
676 .05
677 0
678 .61
679 -.08
680 -.08
681 -.08
682 .49
683 -.24
684 .12
685 -.5
686 -.68
687 -.08
688 -.08
689 -.34
690 .33
691 -.08
692 1
693 .1
694 -.08
695 -.08
753 .9
756 .1
758 0
759 .37
760 .24
764 -.07
765 -.02
767 -.8
768 -.8
769 .3
770 .5
772 .5
773 .75
794 0
795 .73
796 -.26
797 0
798 .45
799 .65
841 0
842 .54
843 0
853 0
854 .9
855 .05
879 .8
880 -.55
1103 0
1104 0
1105 0
1200 0
1201 0
11001 0
textures 0
