LLWearable version 22
LittleBitch for Bento Heads

	permissions 0
	{
		base_mask	00082000
		owner_mask	00082000
		group_mask	00000000
		everyone_mask	00000000
		next_owner_mask	00082000
		creator_id	00000000-0000-0000-0000-000000000000
		owner_id	9ee07496-8eee-11e7-90b0-0e9543ae26fa
		last_owner_id	9ee07496-8eee-11e7-90b0-0e9543ae26fa
		group_id	00000000-0000-0000-0000-000000000000
	}
	sale_info	0
	{
		sale_type	not
		sale_price	10
	}
type 0
parameters 142
1 -.21
2 -.44
4 -.22
5 -.1
6 -.3
7 -.03
8 .22
10 1.02
11 -.06
12 -.5
13 0
14 .31
15 0
17 .08
18 -.06
19 -.03
20 .7
21 -.02
22 0
23 -.5
24 1.09
25 .17
26 .2
27 -.07
28 0
29 .3
30 .3
32 0
33 -1.18
34 .03
35 -.28
36 -1.8
37 -.8
38 -.1
40 0
80 0
100 0
104 0
105 .55
106 0
107 0
151 0
152 0
153 0
155 .2
156 0
157 0
185 -.16
186 .1
187 .26
188 .15
189 0
193 .39
194 .28
195 .14
196 -.29
505 .36
506 -.28
507 -.77
515 -1
517 -0
518 0
626 .1
627 0
629 .62
630 0
631 .24
633 0
634 0
635 0
637 0
646 .1
647 .26
648 .6
649 .27
650 .88
651 .24
652 .42
653 -.34
655 -.15
656 0
657 0
658 .17
659 .43
660 0
661 0
662 .5
663 0
664 0
665 0
675 -.28
676 -.7
677 0
678 .5
679 -.15
680 -.15
681 -.15
682 .29
683 -.23
684 .05
685 0
686 -.24
687 -.03
688 -.03
689 -.12
690 .44
691 -.03
692 0
693 -.14
694 -.15
695 -.03
753 .69
756 .16
758 .63
759 .75
760 .4
764 -.04
765 .6
767 .04
768 .04
769 .51
770 -.04
772 -.04
773 .48
794 .3
795 .21
796 0
797 0
798 .12
799 .54
841 0
842 0
843 0
853 0
854 .69
855 -.7
879 0
880 -.42
1103 0
1104 0
1105 0
11001 0
textures 0
