LLWearable version 22
Kalleigh Fallen shape

	permissions 0
	{
		base_mask	7fffffff
		owner_mask	7fffffff
		group_mask	00000000
		everyone_mask	00000000
		next_owner_mask	00082000
		creator_id	00000000-0000-0000-0000-000000000000
		owner_id	746f1209-6dc5-4d8a-9156-b575633f4f91
		last_owner_id	746f1209-6dc5-4d8a-9156-b575633f4f91
		group_id	00000000-0000-0000-0000-000000000000
	}
	sale_info	0
	{
		sale_type	not
		sale_price	10
	}
type 0
parameters 143
1 -.3
2 -.63
4 -.22
5 0
6 0
7 -.28
8 0
10 .17
11 .04
12 -.5
13 0
14 .52
15 -.2
17 .54
18 -1.5
19 0
20 .04
21 -.2
22 0
23 -.5
24 -.73
25 -.34
26 0
27 -.12
28 .08
29 -.56
30 -.56
32 1
33 .32
34 .84
35 -.04
36 .82
37 0
38 1
40 1
80 1
100 1
104 0
105 .5
106 .98
151 .17
152 1.26
153 1
155 -.75
156 0
157 0
185 -.96
186 0
187 .28
188 0
189 .38
193 .69
194 -.44
195 -.22
196 -.83
505 .52
506 -.4
507 0
515 -1
517 -.08
518 -.3
626 0
627 0
629 .5
630 0
631 0
633 .05
634 .05
635 .05
637 .05
646 0
647 .28
648 0
649 .5
650 -.02
651 0
652 .92
653 .26
655 .07
656 0
657 0
658 .43
659 .32
660 0
661 0
662 .5
663 0
664 0
665 .32
675 .1
676 -.22
677 0
678 .85
679 .07
680 .07
681 .07
682 .91
683 .01
684 0
685 -.34
686 -.64
687 -.08
688 -.08
689 -.32
690 .34
691 -.08
692 1
693 .56
694 .07
695 -.08
753 0
756 -.1
758 -.42
759 .25
760 .14
764 .95
765 .62
767 -.56
768 -.56
769 .36
770 .1
772 .1
773 .55
794 0
795 .42
796 0
797 0
798 .39
799 .63
841 0
842 .08
843 0
853 0
854 0
855 -.22
879 -.03
880 .05
1103 0
1104 0
1105 0
1200 0
1201 0
11001 0
textures 0
