LLWearable version 22
~G~ Wife beater

	permissions 0
	{
		base_mask	00082000
		owner_mask	00082000
		group_mask	00000000
		everyone_mask	00000000
		next_owner_mask	00082000
		creator_id	00000000-0000-0000-0000-000000000000
		owner_id	8fc1523b-61dd-4ce5-8604-66d5b11357af
		last_owner_id	dd49fe64-d4e5-46da-b7cc-ea21a1fa2daf
		group_id	00000000-0000-0000-0000-000000000000
	}
	sale_info	0
	{
		sale_type	not
		sale_price	10
	}
type 8
parameters 38
606 1
607 1
608 1
609 1
620 1
621 1
622 1
623 1
780 1
809 .36
810 .36
811 .36
831 .36
832 .36
833 .36
834 .36
835 .36
836 .36
875 0
876 0
877 0
1019 1
1020 1
1021 1
1022 1
1023 1
1024 1
1025 1
1026 1
1027 1
1028 1
1033 1
1034 1
1037 1
1038 1
1039 1
1040 1
1041 1
textures 2
13 d8b7ee2d-a7b0-49de-86dd-9d51803b687a
14 6707a4cb-eb74-49e6-b703-824f54382e36
