LLWearable version 22
Gigit

	permissions 0
	{
		base_mask	00082000
		owner_mask	00082000
		group_mask	00000000
		everyone_mask	00000000
		next_owner_mask	00082000
		creator_id	00000000-0000-0000-0000-000000000000
		owner_id	908a62c0-10fe-42fd-b877-5782d673ae22
		last_owner_id	908a62c0-10fe-42fd-b877-5782d673ae22
		group_id	00000000-0000-0000-0000-000000000000
	}
	sale_info	0
	{
		sale_type	not
		sale_price	10
	}
type 0
parameters 141
1 .23
2 -.27
4 -.19
5 -.1
6 .13
7 -.22
8 -.42
10 .52
11 .1
12 .19
13 .47
14 -.08
15 0
17 .41
18 1.14
19 -.08
20 .06
21 .11
22 0
23 -.5
24 -.49
25 .23
26 0
27 .38
28 .32
29 -.5
30 -.5
32 0
33 -.15
34 -.68
35 0
36 -.17
37 .28
38 -.16
40 0
80 0
100 0
104 0
105 .15
106 0
151 .21
152 .12
153 0
155 -.68
156 0
157 0
185 -.18
186 .1
187 -.17
188 0
189 .04
193 .52
194 .32
195 .16
196 -.26
505 .58
506 -.68
507 -.77
515 -1
517 -.13
518 -.3
626 0
627 .71
629 .5
630 0
631 0
633 0
634 0
635 0
637 0
646 .1
647 -.17
648 0
649 .5
650 -.25
651 0
652 .54
653 .53
655 -.1
656 0
657 0
658 .43
659 .32
660 0
661 0
662 .5
663 0
664 0
665 -.2
675 -.18
676 0
677 0
678 .5
679 -.1
680 -.1
681 -.1
682 .43
683 -.15
684 -.12
685 0
686 -.08
687 -.01
688 -.01
689 -.04
690 .48
691 -.01
692 0
693 .3
694 -.1
695 -.01
753 .58
756 0
758 -.15
759 .47
760 .56
764 -.04
765 0
767 -.8
768 -.8
769 .3
770 -.06
772 -.06
773 .47
794 0
795 .45
796 0
797 .09
798 0
799 .47
841 -.2
842 -.04
843 0
853 -.2
854 .58
855 0
879 0
880 -.8
1103 0
1104 0
1105 0
11001 0
textures 0
