LLWearable version 22
Dallas Cowboys Shirt

	permissions 0
	{
		base_mask	7fffffff
		owner_mask	7fffffff
		group_mask	00000000
		everyone_mask	00000000
		next_owner_mask	00082000
		creator_id	00000000-0000-0000-0000-000000000000
		owner_id	746f1209-6dc5-4d8a-9156-b575633f4f91
		last_owner_id	746f1209-6dc5-4d8a-9156-b575633f4f91
		group_id	00000000-0000-0000-0000-000000000000
	}
	sale_info	0
	{
		sale_type	not
		sale_price	10
	}
type 8
parameters 38
606 1
607 1
608 1
609 1
620 1
621 1
622 1
623 1
780 1
809 1
810 1
811 1
831 1
832 1
833 1
834 1
835 1
836 1
875 0
876 0
877 0
1019 1
1020 1
1021 1
1022 1
1023 1
1024 1
1025 1
1026 1
1027 1
1028 1
1033 1
1034 1
1037 1
1038 1
1039 1
1040 1
1041 1
textures 2
13 a22a696b-ab39-46e4-838e-c5035535ad71
14 6d0fc5ba-89b2-47fa-8e1f-a005fa202c6c
