LLWearable version 22
OnlyOne's Physics (new)

	permissions 0
	{
		base_mask	7fffffff
		owner_mask	7fffffff
		group_mask	00000000
		everyone_mask	00000000
		next_owner_mask	00082000
		creator_id	755021ad-9c4d-4a66-878e-8bd8235b2eca
		owner_id	755021ad-9c4d-4a66-878e-8bd8235b2eca
		last_owner_id	755021ad-9c4d-4a66-878e-8bd8235b2eca
		group_id	00000000-0000-0000-0000-000000000000
	}
	sale_info	0
	{
		sale_type	not
		sale_price	10
	}
type 15
parameters 44
1100 0
1101 0
1102 0
1200 0
1201 0
1202 0
1203 0
1204 0
1205 0
1206 0
1207 0
10000 .24
10001 4.2
10002 1.6
10003 .39
10004 15
10005 16.84
10006 .49
10007 .36
10008 10
10009 10.9
10010 .5
10011 .23
10012 4.5
10013 1.6
10014 .18
10015 10
10016 10
10017 .48
10018 .19
10019 3.3
10020 1
10021 .3
10022 13
10023 17.83
10024 .4
10025 .3
10026 10
10027 10
10028 .5
10029 .3
10030 11
10031 10.9
10032 .48
textures 0
