LLWearable version 22
LM-Harry - hair

	permissions 0
	{
		base_mask	00082000
		owner_mask	00082000
		group_mask	00000000
		everyone_mask	00000000
		next_owner_mask	00082000
		creator_id	00000000-0000-0000-0000-000000000000
		owner_id	dad15b79-7bec-458d-b05d-965465391279
		last_owner_id	dad15b79-7bec-458d-b05d-965465391279
		group_id	00000000-0000-0000-0000-000000000000
	}
	sale_info	0
	{
		sale_type	not
		sale_price	10
	}
type 2
parameters 39
16 1.24
31 .31
112 0
113 .1
114 0
115 0
119 .22
130 .27
131 .49
132 .39
133 0
134 0
135 0
136 .32
137 .5
140 .85
141 .4
142 0
143 .83
166 0
167 0
168 1
169 1
177 0
181 .55
182 .04
183 .04
184 0
192 0
674 0
750 .5
752 0
754 .98
755 .75
757 1.39
762 0
763 0
785 0
789 0
textures 1
4 8dcd4a48-2d37-4909-9f78-f7a9eb4ef903
