LLWearable version 22
Male Shape Catwa Paul (new)

	permissions 0
	{
		base_mask	7fffffff
		owner_mask	7fffffff
		group_mask	00000000
		everyone_mask	00000000
		next_owner_mask	00082000
		creator_id	00000000-0000-0000-0000-000000000000
		owner_id	26ecc3a5-9243-470e-b8d9-4afcacdecf58
		last_owner_id	26ecc3a5-9243-470e-b8d9-4afcacdecf58
		group_id	00000000-0000-0000-0000-000000000000
	}
	sale_info	0
	{
		sale_type	not
		sale_price	10
	}
type 0
parameters 143
1 0
2 0
4 0
5 0
6 0
7 0
8 0
10 0
11 0
12 0
13 0
14 0
15 0
17 0
18 0
19 0
20 0
21 -.2
22 0
23 0
24 -.07
25 0
26 0
27 0
28 0
29 .12
30 .12
32 1
33 -1.05
34 1.21
35 0
36 -.14
37 .76
38 .58
40 1
80 1
100 1
104 0
105 .5
106 .34
151 0
152 .03
153 1
155 0
156 0
157 0
185 0
186 -.06
187 .25
188 0
189 0
193 .5
194 -1.12
195 -.56
196 -1.34
505 .5
506 0
507 0
515 2.32
517 0
518 0
626 0
627 0
629 .5
630 0
631 0
633 0
634 0
635 0
637 0
646 -.06
647 .25
648 0
649 .5
650 0
651 0
652 .51
653 0
655 .04
656 0
657 0
658 0
659 .5
660 0
661 0
662 .5
663 0
664 0
665 0
675 .08
676 .47
677 0
678 .62
679 .04
680 .04
681 .04
682 .82
683 -.11
684 0
685 -.04
686 0
687 0
688 0
689 0
690 .5
691 0
692 .98
693 0
694 .04
695 0
753 .59
756 -.02
758 0
759 .5
760 0
764 0
765 0
767 -2
768 -2
769 0
770 0
772 0
773 .5
794 .27
795 .22
796 0
797 0
798 0
799 .5
841 .2
842 .08
843 0
853 .2
854 .59
855 .47
879 -.5
880 0
1103 0
1104 0
1105 0
1200 0
1201 0
11001 0
textures 0
