LLWearable version 22
Old Man Hair

	permissions 0
	{
		base_mask	7fffffff
		owner_mask	7fffffff
		group_mask	00000000
		everyone_mask	00000000
		next_owner_mask	00082000
		creator_id	f6dd0f1c-0ff3-43a9-b784-481c5e4b1924
		owner_id	f6dd0f1c-0ff3-43a9-b784-481c5e4b1924
		last_owner_id	f6dd0f1c-0ff3-43a9-b784-481c5e4b1924
		group_id	00000000-0000-0000-0000-000000000000
	}
	sale_info	0
	{
		sale_type	not
		sale_price	10
	}
type 2
parameters 90
16 0
31 .5
112 0
113 0
114 .5
115 1
119 .5
130 0
131 .56
132 .39
133 0
134 .19
135 0
136 .66
137 .5
140 0
141 0
142 0
143 -.2
144 1
145 0
146 0
147 .24
148 .22
149 0
166 0
167 0
168 0
169 0
171 0
172 1
173 0
174 .62
175 0
176 1
177 0
178 .32
179 0
180 0
181 -.14
182 -.38
183 -.96
184 0
190 0
191 0
192 0
400 .75
640 0
641 .1
642 0
643 1
644 0
645 0
674 -1
750 .7
751 0
752 .5
754 -.64
755 .48
757 -1
761 .05
762 2.07
763 .48
771 0
774 0
782 0
783 0
784 0
785 0
786 0
787 0
788 0
789 0
790 0
870 -.29
871 0
872 .25
1000 .5
1001 .5
1002 .7
1003 .7
1004 0
1005 0
1006 0
1007 0
1008 0
1009 0
1010 0
1011 0
1012 .25
textures 1
4 7ca39b4c-bd19-4699-aff7-f93fd03d3e7b
